a = [11.5; 20.9; 13];
b = [5 10.5 20];

M = [a b']