PHI = 0.001;
U = 24;
Ra = 40;
I = 0.5;
K = 8;
MRK = 1;
A = 5;
igetr =1080;